1
project A
Albert
0102314112
godhelpmi@gmail.com
Module3:7
Module4:2366224.00
Module5C:0
Module5T:0

%%%%%
15
1 concept
*1.1 Evaluate current systems
1.2 Define Requirements
*1.2.1 Define user
*1.2.2 Define content requirements
*1.2.3 Define syustem requirements
*1.2.4 Define server owner requirements
*1.3 Define specific functionality
*1.4 Define risks and risk managements approach
*1.5 Develop project plan
*1.6 Brief Web development team
*2 Web Site Design
*3 Web Site Development
*4 Roll out
*5 Support
%%%%%


###
1.1#1.2.1 1.0 1.0 1.0
1.2.1#1.2.2 1.0 1.0 1.0
1.2.2#1.2.3 1.0 1.0 1.0
1.2.3#1.2.4 1.0 1.0 1.0
1.2.4#1.3 1.0 1.0 1.0
1.3#1.4 1.0 1.0 1.0
1.4#1.5 1.0 1.0 1.0
1.5#1.6 1.0 1.0 1.0
1.6#2 1.0 1.0 1.0
2#3 1.0 1.0 1.0
3#4 1.0 1.0 1.0
4#5 1.0 1.0 1.0

###



=.=
1.1
1
1 2 3 4 5 6 7 8 9 10 11 12 --
8237.0 8238.0 8239.0 8240.0 8241.0 8242.0 8243.0 8244.0 8245.0 8246.0 8247.0 8248.0 
4534.0 5000.0 5000.0 5000.0 5000.0 5000.0 5000.0 5000.0 5000.0 5000.0 5000.0 5000.0 
77.91 50.0 50.0 50.0 50.0 50.0 50.0 50.0 50.0 50.0 50.0 50.0 
2
1 2 3 4 5 6 7 8 9 10 11 12 --
8000.0 8000.0 8000.0 8000.0 8000.0 8000.0 8000.0 8000.0 8000.0 8000.0 8000.0 8000.0 
5000.0 5000.0 5000.0 5000.0 5000.0 5000.0 5000.0 5000.0 5000.0 5000.0 5000.0 5000.0 
50.0 50.0 50.0 50.0 50.0 50.0 50.0 50.0 50.0 50.0 50.0 50.0 
==

1.2.1
1
1 2 3 4 5 6 7 8 9 10 11 12 --
12000.0 12000.0 12000.0 12000.0 12000.0 12000.0 12000.0 12000.0 12000.0 12000.0 12000.0 12000.0 
5000.0 5000.0 5000.0 5000.0 5000.0 5000.0 5000.0 5000.0 5000.0 5000.0 5000.0 5000.0 
50.0 50.0 50.0 50.0 50.0 50.0 50.0 50.0 50.0 50.0 50.0 50.0 
2
1 2 3 4 5 6 7 8 9 10 11 12 --
12000.0 12000.0 12000.0 12000.0 12000.0 12000.0 12000.0 12000.0 12000.0 12000.0 12000.0 12000.0 
5000.0 5000.0 5000.0 5000.0 5000.0 5000.0 5000.0 5000.0 5000.0 5000.0 5000.0 5000.0 
50.0 50.0 50.0 50.0 50.0 50.0 50.0 50.0 50.0 50.0 50.0 50.0 
==

1.2.2
1
1 2 3 4 5 6 7 8 9 10 11 12 --
8237.0 8238.0 8239.0 8240.0 8241.0 8242.0 8243.0 8244.0 8245.0 8246.0 8247.0 8248.0 
4534.0 5000.0 5000.0 5000.0 5000.0 5000.0 5000.0 5000.0 5000.0 5000.0 5000.0 5000.0 
77.91 50.0 50.0 50.0 50.0 50.0 50.0 50.0 50.0 50.0 50.0 50.0 
2
1 2 3 4 5 6 7 8 9 10 11 12 --
8000.0 8000.0 8000.0 8000.0 8000.0 8000.0 8000.0 8000.0 8000.0 8000.0 8000.0 8000.0 
5000.0 5000.0 5000.0 5000.0 5000.0 5000.0 5000.0 5000.0 5000.0 5000.0 5000.0 5000.0 
50.0 50.0 50.0 50.0 50.0 50.0 50.0 50.0 50.0 50.0 50.0 50.0 
==

1.2.3
1
1 2 3 4 5 6 7 8 9 10 11 12 --
8237.0 8238.0 8239.0 8240.0 8241.0 8242.0 8243.0 8244.0 8245.0 8246.0 8247.0 8248.0 
4534.0 5000.0 5000.0 5000.0 5000.0 5000.0 5000.0 5000.0 5000.0 5000.0 5000.0 5000.0 
77.91 50.0 50.0 50.0 50.0 50.0 50.0 50.0 50.0 50.0 50.0 50.0 
2
1 2 3 4 5 6 7 8 9 10 11 12 --
8000.0 8000.0 8000.0 8000.0 8000.0 8000.0 8000.0 8000.0 8000.0 8000.0 8000.0 8000.0 
5000.0 5000.0 5000.0 5000.0 5000.0 5000.0 5000.0 5000.0 5000.0 5000.0 5000.0 5000.0 
50.0 50.0 50.0 50.0 50.0 50.0 50.0 50.0 50.0 50.0 50.0 50.0 
==

1.2.4
1
1 2 3 4 5 6 7 8 9 10 11 12 --
8237.0 8238.0 8239.0 8240.0 8241.0 8242.0 8243.0 8244.0 8245.0 8246.0 8247.0 8248.0 
4534.0 5000.0 5000.0 5000.0 5000.0 5000.0 5000.0 5000.0 5000.0 5000.0 5000.0 5000.0 
77.91 50.0 50.0 50.0 50.0 50.0 50.0 50.0 50.0 50.0 50.0 50.0 
2
1 2 3 4 5 6 7 8 9 10 11 12 --
8000.0 8000.0 8000.0 8000.0 8000.0 8000.0 8000.0 8000.0 8000.0 8000.0 8000.0 8000.0 
5000.0 5000.0 5000.0 5000.0 5000.0 5000.0 5000.0 5000.0 5000.0 5000.0 5000.0 5000.0 
50.0 50.0 50.0 50.0 50.0 50.0 50.0 50.0 50.0 50.0 50.0 50.0 
==

1.3
1
1 2 3 4 5 6 7 8 9 10 11 12 --
6025.0 6027.0 6027.0 6027.0 6027.0 6027.0 6027.0 6027.0 6027.0 6027.0 6027.0 6027.0 
5000.0 5000.0 5000.0 5000.0 5000.0 5000.0 5000.0 5000.0 5000.0 5000.0 5000.0 5000.0 
50.0 50.0 50.0 50.0 50.0 50.0 50.0 50.0 50.0 50.0 50.0 50.0 
2
1 2 3 4 5 6 7 8 9 10 11 12 --
6027.0 6027.0 6027.0 6027.0 6027.0 6027.0 6027.0 6027.0 6027.0 6027.0 6027.0 6027.0 
5000.0 5000.0 5000.0 5000.0 5000.0 5000.0 5000.0 5000.0 5000.0 5000.0 5000.0 5000.0 
50.0 50.0 50.0 50.0 50.0 50.0 50.0 50.0 50.0 50.0 50.0 50.0 
==

1.4
1
1 2 3 4 5 6 7 8 9 10 11 12 --
6025.0 6027.0 6027.0 6027.0 6027.0 6027.0 6027.0 6027.0 6027.0 6027.0 6027.0 6027.0 
5000.0 5000.0 5000.0 5000.0 5000.0 5000.0 5000.0 5000.0 5000.0 5000.0 5000.0 5000.0 
50.0 50.0 50.0 50.0 50.0 50.0 50.0 50.0 50.0 50.0 50.0 50.0 
2
1 2 3 4 5 6 7 8 9 10 11 12 --
6027.0 6027.0 6027.0 6027.0 6027.0 6027.0 6027.0 6027.0 6027.0 6027.0 6027.0 6027.0 
5000.0 5000.0 5000.0 5000.0 5000.0 5000.0 5000.0 5000.0 5000.0 5000.0 5000.0 5000.0 
50.0 50.0 50.0 50.0 50.0 50.0 50.0 50.0 50.0 50.0 50.0 50.0 
==

1.5
1
1 2 3 4 5 6 7 8 9 10 11 12 --
6025.0 6027.0 6027.0 6027.0 6027.0 6027.0 6027.0 6027.0 6027.0 6027.0 6027.0 6027.0 
5000.0 5000.0 5000.0 5000.0 5000.0 5000.0 5000.0 5000.0 5000.0 5000.0 5000.0 5000.0 
50.0 50.0 50.0 50.0 50.0 50.0 50.0 50.0 50.0 50.0 50.0 50.0 
2
1 2 3 4 5 6 7 8 9 10 11 12 --
6027.0 6027.0 6027.0 6027.0 6027.0 6027.0 6027.0 6027.0 6027.0 6027.0 6027.0 6027.0 
5000.0 5000.0 5000.0 5000.0 5000.0 5000.0 5000.0 5000.0 5000.0 5000.0 5000.0 5000.0 
50.0 50.0 50.0 50.0 50.0 50.0 50.0 50.0 50.0 50.0 50.0 50.0 
==

1.6
1
1 2 3 4 5 6 7 8 9 10 11 12 --
6025.0 6027.0 6027.0 6027.0 6027.0 6027.0 6027.0 6027.0 6027.0 6027.0 6027.0 6027.0 
5000.0 5000.0 5000.0 5000.0 5000.0 5000.0 5000.0 5000.0 5000.0 5000.0 5000.0 5000.0 
50.0 50.0 50.0 50.0 50.0 50.0 50.0 50.0 50.0 50.0 50.0 50.0 
2
1 2 3 4 5 6 7 8 9 10 11 12 --
6027.0 6027.0 6027.0 6027.0 6027.0 6027.0 6027.0 6027.0 6027.0 6027.0 6027.0 6027.0 
5000.0 5000.0 5000.0 5000.0 5000.0 5000.0 5000.0 5000.0 5000.0 5000.0 5000.0 5000.0 
50.0 50.0 50.0 50.0 50.0 50.0 50.0 50.0 50.0 50.0 50.0 50.0 
==

2
1
1 2 3 4 5 6 7 8 9 10 11 12 --
30000.0 0.0 0.0 30000.0 30000.0 0.0 0.0 0.0 0.0 0.0 0.0 0.0 
0.0 0.0 0.0 0.0 0.0 0.0 0.0 0.0 0.0 0.0 0.0 0.0 
0.0 0.0 0.0 0.0 0.0 0.0 0.0 0.0 0.0 0.0 0.0 0.0 
2
1 2 3 4 5 6 7 8 9 10 11 12 --
30000.0 0.0 0.0 30000.0 30000.0 0.0 0.0 0.0 0.0 0.0 0.0 0.0 
0.0 0.0 0.0 0.0 0.0 0.0 0.0 0.0 0.0 0.0 0.0 0.0 
0.0 0.0 0.0 0.0 0.0 0.0 0.0 0.0 0.0 0.0 0.0 0.0 
==

3
1
1 2 3 4 5 6 7 8 9 10 11 12 --
30000.0 0.0 0.0 30000.0 30000.0 0.0 0.0 0.0 0.0 0.0 0.0 0.0 
0.0 0.0 0.0 0.0 0.0 0.0 0.0 0.0 0.0 0.0 0.0 0.0 
0.0 0.0 0.0 0.0 0.0 0.0 0.0 0.0 0.0 0.0 0.0 0.0 
2
1 2 3 4 5 6 7 8 9 10 11 12 --
30000.0 0.0 0.0 30000.0 30000.0 0.0 0.0 0.0 0.0 0.0 0.0 0.0 
0.0 0.0 0.0 0.0 0.0 0.0 0.0 0.0 0.0 0.0 0.0 0.0 
0.0 0.0 0.0 0.0 0.0 0.0 0.0 0.0 0.0 0.0 0.0 0.0 
==

4
1
1 2 3 4 5 6 7 8 9 10 11 12 --
30000.0 0.0 0.0 30000.0 30000.0 0.0 0.0 0.0 0.0 0.0 0.0 0.0 
0.0 0.0 0.0 0.0 0.0 0.0 0.0 0.0 0.0 0.0 0.0 0.0 
0.0 0.0 0.0 0.0 0.0 0.0 0.0 0.0 0.0 0.0 0.0 0.0 
2
1 2 3 4 5 6 7 8 9 10 11 12 --
30000.0 0.0 0.0 30000.0 30000.0 0.0 0.0 0.0 0.0 0.0 0.0 0.0 
0.0 0.0 0.0 0.0 0.0 0.0 0.0 0.0 0.0 0.0 0.0 0.0 
0.0 0.0 0.0 0.0 0.0 0.0 0.0 0.0 0.0 0.0 0.0 0.0 
==

5
1
1 2 3 4 5 6 7 8 9 10 11 12 --
30000.0 0.0 0.0 30000.0 30000.0 0.0 0.0 0.0 0.0 0.0 0.0 0.0 
0.0 0.0 0.0 0.0 0.0 0.0 0.0 0.0 0.0 0.0 0.0 0.0 
0.0 0.0 0.0 0.0 0.0 0.0 0.0 0.0 0.0 0.0 0.0 0.0 
2
1 2 3 4 5 6 7 8 9 10 11 12 --
30000.0 0.0 0.0 30000.0 30000.0 0.0 0.0 0.0 0.0 0.0 0.0 0.0 
0.0 0.0 0.0 0.0 0.0 0.0 0.0 0.0 0.0 0.0 0.0 0.0 
0.0 0.0 0.0 0.0 0.0 0.0 0.0 0.0 0.0 0.0 0.0 0.0 
==

=.=




$$
1.1 8 4 24 60 1500 2500 3500 40
1.2.1 7 9 12 40 2600 3500 4200 50
1.2.2 4 9 15 30 4688 7988 1544 30
1.2.3 2 6 8 20 4000 5000 6000 10 
1.2.4 2 5 9 45 2300 3400 5600 80
1.3 9 12 15 20 4655 5623 7532 60
1.4 8 10 14 70 4536 5327 7895 30
1.5 2 6 9 20 1000 2000 3000 10
1.6 4 9 12 50 7892 8619 9451 20
2.0 2 5 7 60 4000 5000 6000 30
3.0 10 15 20 50 4565 7565 9515 45
4.0 3 5 9 30 4567 9454 10543 60
5.0 5 8 11 60 4535 7856 8655 20
$$
